chain, residue_label, residue_name, score, zscore, probability, pocket
 ,    1, ALA,  1.3421,   0.3686,   0.2369, 1
 ,    2, ALA,  1.4262,   0.4155,   0.2614, 0
 ,    3, ALA,  1.5102,   0.4623,   0.2855, 1
 ,    4, ALA,  2.4493,   0.9858,   0.5118, 2
 ,    5, ALA,  2.4261,   0.9729,   0.5071, 1
 ,    6, ALA,  4.2257,   1.9759,   0.7635, 2
 ,    7, ALA,  3.4525,   1.5449,   0.6764, 1
 ,    8, ALA,  3.1811,   1.3937,   0.6387, 3
 ,    9, ALA,  2.7902,   1.1758,   0.5760, 0
 ,   10, ALA,  1.9451,   0.7047,   0.4000, 0
 ,   11, ALA,  1.9067,   0.6833,   0.3906, 3
 ,   12, ALA,  1.6477,   0.5390,   0.3233, 1
 ,   13, ALA,  1.3942,   0.3977,   0.2521, 1
 ,   14, ALA,  0.7245,   0.0244,   0.0748, 1
 ,   15, ALA,  0.8765,   0.1091,   0.1094, 1
 ,   16, ALA,  1.7607,   0.6019,   0.3536, 1
 ,   17, ALA,  0.7942,   0.0632,   0.0899, 1
 ,   18, ALA,  0.5400,  -0.0785,   0.0418, 0
 ,   19, ALA,  0.7461,   0.0364,   0.0793, 0
 ,   20, ALA,  1.2778,   0.3328,   0.2185, 1
 ,   21, ALA,  0.4519,  -0.1276,   0.0296, 0
 ,   22, ALA,  0.1732,  -0.2829,   0.0054, 0
 ,   23, ALA,  0.3141,  -0.2044,   0.0152, 0
 ,   24, ALA,  0.6207,  -0.0335,   0.0548, 1
 ,   25, ALA,  0.6581,  -0.0126,   0.0615, 0
 ,   26, ALA,  1.0267,   0.1928,   0.1481, 1
 ,   27, ALA,  0.9307,   0.1393,   0.1230, 0
 ,   28, ALA,  1.2584,   0.3220,   0.2130, 1
 ,   29, ALA,  1.7285,   0.5840,   0.3451, 2
 ,   30, ALA,  1.8193,   0.6346,   0.3686, 2
 ,   31, ALA,  1.7851,   0.6155,   0.3598, 2
 ,   32, ALA,  0.6991,   0.0102,   0.0695, 0
 ,   33, ALA,  0.6588,  -0.0123,   0.0616, 0
 ,   34, ALA,  3.0793,   1.3370,   0.6233, 2
 ,   35, ALA,  2.9066,   1.2407,   0.5958, 0
 ,   36, ALA,  1.0193,   0.1887,   0.1462, 0
 ,   37, ALA,  2.1048,   0.7938,   0.4375, 0
 ,   38, ALA,  2.3309,   0.9198,   0.4872, 0
 ,   39, ALA,  1.2649,   0.3256,   0.2149, 0
 ,   40, ALA,  0.2560,  -0.2368,   0.0105, 0
 ,   41, ALA,  0.3537,  -0.1823,   0.0188, 0
 ,   42, ALA,  0.2605,  -0.2343,   0.0109, 0
 ,   43, ALA,  0.6524,  -0.0158,   0.0605, 0
 ,   44, ALA,  0.5059,  -0.0975,   0.0367, 0
 ,   45, ALA,  3.0747,   1.3344,   0.6226, 0
 ,   46, ALA,  2.8448,   1.2062,   0.5854, 0
 ,   47, ALA,  0.6201,  -0.0338,   0.0547, 0
 ,   48, ALA,  0.9458,   0.1477,   0.1268, 0
 ,   49, ALA,  2.8542,   1.2115,   0.5870, 0
 ,   50, ALA,  0.7134,   0.0182,   0.0724, 0
 ,   51, ALA,  0.2324,  -0.2499,   0.0089, 0
 ,   52, ALA,  1.2662,   0.3263,   0.2152, 0
 ,   53, ALA,  1.8585,   0.6564,   0.3786, 0
 ,   54, ALA,  0.4806,  -0.1116,   0.0333, 0
 ,   55, ALA,  0.2645,  -0.2320,   0.0111, 0
 ,   56, ALA,  0.3134,  -0.2048,   0.0151, 0
 ,   57, ALA,  0.5792,  -0.0566,   0.0479, 0
 ,   58, ALA,  2.6268,   1.0847,   0.5463, 0
 ,   59, ALA,  2.8581,   1.2136,   0.5876, 0
 ,   60, ALA,  1.9739,   0.7208,   0.4071, 0
 ,   61, ALA,  2.0130,   0.7426,   0.4165, 0
 ,   62, ALA,  1.5713,   0.4964,   0.3024, 0
 ,   63, ALA,  4.3744,   2.0588,   0.7767, 0
 ,   64, ALA,  4.5191,   2.1395,   0.7889, 2
 ,   65, ALA,  2.3933,   0.9545,   0.5004, 2
 ,   66, ALA,  3.7137,   1.6906,   0.7098, 0
 ,   67, ALA,  3.8455,   1.7640,   0.7252, 2
 ,   68, ALA,  3.4516,   1.5444,   0.6763, 2
 ,   69, ALA,  1.3074,   0.3493,   0.2271, 0
 ,   70, ALA,  1.2755,   0.3315,   0.2179, 0
 ,   71, ALA,  1.7639,   0.6037,   0.3544, 0
 ,   72, ALA,  1.8816,   0.6693,   0.3844, 2
 ,   73, ALA,  0.9580,   0.1545,   0.1299, 0
 ,   74, ALA,  0.4404,  -0.1340,   0.0283, 0
 ,   75, ALA,  0.3145,  -0.2042,   0.0152, 0
 ,   76, ALA,  0.6381,  -0.0238,   0.0579, 0
 ,   77, ALA,  0.8666,   0.1036,   0.1069, 0
 ,   78, ALA,  0.7536,   0.0406,   0.0809, 0
 ,   79, ALA,  0.9512,   0.1507,   0.1281, 0
 ,   80, ALA,  1.1547,   0.2642,   0.1835, 0
 ,   81, ALA,  1.7892,   0.6178,   0.3609, 2
 ,   82, ALA,  1.8069,   0.6277,   0.3654, 1
 ,   83, ALA,  2.1796,   0.8354,   0.4546, 1
 ,   84, ALA,  1.7445,   0.5929,   0.3495, 1
 ,   85, ALA,  2.4182,   0.9685,   0.5055, 2
 ,   86, ALA,  3.3432,   1.4841,   0.6619, 2
 ,   87, ALA,  2.9300,   1.2537,   0.5997, 2
 ,   88, ALA,  3.4200,   1.5269,   0.6721, 0
 ,   89, ALA,  2.5311,   1.0314,   0.5281, 0
 ,   90, ALA,  1.4134,   0.4083,   0.2577, 0
 ,   91, ALA,  0.5949,  -0.0478,   0.0505, 0
 ,   92, ALA,  1.7193,   0.5789,   0.3427, 0
 ,   93, ALA,  1.6256,   0.5266,   0.3172, 0
 ,   94, ALA,  0.7328,   0.0290,   0.0765, 0
 ,   95, ALA,  1.5510,   0.4850,   0.2969, 0
 ,   96, ALA,  2.3832,   0.9489,   0.4984, 2
 ,   97, ALA,  0.9610,   0.1562,   0.1307, 0
 ,   98, ALA,  0.2028,  -0.2664,   0.0070, 0
 ,   99, ALA,  0.8366,   0.0868,   0.0997, 0
 ,  100, ALA,  1.0593,   0.2110,   0.1570, 0
 ,  101, ALA,  1.8847,   0.6711,   0.3852, 2
 ,  102, ALA,  1.4938,   0.4532,   0.2809, 2
 ,  103, ALA,  1.9820,   0.7253,   0.4091, 2
 ,  104, ALA,  1.3301,   0.3620,   0.2335, 0
 ,  105, ALA,  2.1819,   0.8367,   0.4551, 1
 ,  106, ALA,  3.5185,   1.5818,   0.6853, 0
 ,  107, ALA,  2.8365,   1.2016,   0.5840, 1
 ,  108, ALA,  3.1779,   1.3919,   0.6382, 0
 ,  109, ALA,  2.1461,   0.8168,   0.4468, 1
 ,  110, ALA,  1.0738,   0.2191,   0.1610, 0
 ,  111, ALA,  1.3695,   0.3839,   0.2449, 3
 ,  112, ALA,  0.6123,  -0.0382,   0.0534, 0
 ,  113, ALA,  1.3169,   0.3546,   0.2298, 0
 ,  114, ALA,  0.6679,  -0.0071,   0.0634, 0
 ,  115, ALA,  1.4440,   0.4255,   0.2666, 0
 ,  116, ALA,  2.1557,   0.8221,   0.4490, 0
 ,  117, ALA,  1.5946,   0.5094,   0.3088, 0
 ,  118, ALA,  0.9468,   0.1483,   0.1270, 0
 ,  119, ALA,  1.0761,   0.2204,   0.1616, 0
 ,  120, ALA,  1.5732,   0.4975,   0.3030, 0
 ,  121, ALA,  0.9502,   0.1502,   0.1279, 0
 ,  122, ALA,  0.9547,   0.1527,   0.1290, 0
 ,  123, ALA,  1.3159,   0.3540,   0.2296, 0
 ,  124, ALA,  1.3872,   0.3938,   0.2500, 0
 ,  125, ALA,  1.5397,   0.4788,   0.2937, 0
 ,  126, ALA,  1.9069,   0.6834,   0.3907, 0
 ,  127, ALA,  1.2588,   0.3222,   0.2131, 0
 ,  128, ALA,  0.6311,  -0.0277,   0.0567, 0
 ,  129, ALA,  0.5629,  -0.0657,   0.0453, 0
 ,  130, ALA,  0.3626,  -0.1774,   0.0197, 0
 ,  131, ALA,  1.3065,   0.3488,   0.2268, 0
 ,  132, ALA,  1.2800,   0.3340,   0.2191, 0
 ,  133, ALA,  2.6606,   1.1035,   0.5525, 0
 ,  134, ALA,  1.5061,   0.4601,   0.2844, 0
 ,  135, ALA,  1.2125,   0.2964,   0.1999, 0
 ,  136, ALA,  0.5516,  -0.0720,   0.0435, 0
 ,  137, ALA,  0.5083,  -0.0961,   0.0371, 0
 ,  138, ALA,  0.3722,  -0.1720,   0.0206, 0
 ,  139, ALA,  0.4705,  -0.1172,   0.0320, 0
 ,  140, ALA,  0.8583,   0.0990,   0.1049, 0
 ,  141, ALA,  0.3527,  -0.1828,   0.0187, 0
 ,  142, ALA,  0.7190,   0.0213,   0.0736, 0
 ,  143, ALA,  1.4143,   0.4089,   0.2580, 0
 ,  144, ALA,  1.6686,   0.5506,   0.3290, 0
 ,  145, ALA,  1.1523,   0.2628,   0.1828, 0
 ,  146, ALA,  1.9392,   0.7014,   0.3985, 0
 ,  147, ALA,  0.7085,   0.0155,   0.0714, 0
 ,  148, ALA,  0.4149,  -0.1482,   0.0252, 0
 ,  149, ALA,  0.8836,   0.1131,   0.1111, 0
 ,  150, ALA,  0.5251,  -0.0867,   0.0396, 0
 ,  151, ALA,  1.0319,   0.1957,   0.1495, 0
 ,  152, ALA,  1.1592,   0.2667,   0.1848, 0
 ,  153, ALA,  1.5177,   0.4665,   0.2876, 0
 ,  154, ALA,  0.5822,  -0.0549,   0.0484, 0
 ,  155, ALA,  0.2829,  -0.2218,   0.0126, 0
 ,  156, ALA,  0.5203,  -0.0894,   0.0388, 0
 ,  157, ALA,  0.1932,  -0.2718,   0.0065, 0
 ,  158, ALA,  0.2609,  -0.2340,   0.0109, 0
 ,  159, ALA,  0.7948,   0.0636,   0.0900, 0
 ,  160, ALA,  0.6903,   0.0053,   0.0677, 0
 ,  161, ALA,  0.8492,   0.0939,   0.1027, 0
 ,  162, ALA,  0.3269,  -0.1973,   0.0163, 0
 ,  163, ALA,  0.9095,   0.1275,   0.1176, 0
 ,  164, ALA,  1.4751,   0.4427,   0.2755, 0
 ,  165, ALA,  0.7276,   0.0261,   0.0755, 0
 ,  166, ALA,  0.3157,  -0.2035,   0.0153, 0
 ,  167, ALA,  0.5514,  -0.0721,   0.0435, 0
 ,  168, ALA,  2.1727,   0.8316,   0.4530, 0
 ,  169, ALA,  0.6998,   0.0106,   0.0696, 0
 ,  170, ALA,  0.3966,  -0.1584,   0.0232, 0
 ,  171, ALA,  1.4523,   0.4300,   0.2690, 0
 ,  172, ALA,  0.5530,  -0.0712,   0.0437, 0
 ,  173, ALA,  0.2870,  -0.2195,   0.0129, 0
 ,  174, ALA,  1.3692,   0.3837,   0.2448, 0
 ,  175, ALA,  2.4591,   0.9912,   0.5139, 0
 ,  176, ALA,  2.6738,   1.1109,   0.5549, 0
 ,  177, ALA,  1.6339,   0.5313,   0.3195, 0
 ,  178, ALA,  3.5238,   1.5847,   0.6860, 0
 ,  179, ALA,  1.4069,   0.4047,   0.2559, 0
 ,  180, ALA,  0.2619,  -0.2335,   0.0110, 0
 ,  181, ALA,  1.0102,   0.1836,   0.1437, 0
 ,  182, ALA,  2.4441,   0.9829,   0.5108, 0
 ,  183, ALA,  0.6094,  -0.0398,   0.0529, 0
 ,  184, ALA,  0.2090,  -0.2630,   0.0074, 0
 ,  185, ALA,  0.7302,   0.0275,   0.0760, 0
 ,  186, ALA,  1.0536,   0.2078,   0.1554, 0
 ,  187, ALA,  0.1904,  -0.2733,   0.0063, 0
 ,  188, ALA,  0.0665,  -0.3424,   0.0014, 0
 ,  189, ALA,  0.1906,  -0.2732,   0.0063, 0
 ,  190, ALA,  0.7133,   0.0181,   0.0724, 0
 ,  191, ALA,  0.9238,   0.1354,   0.1213, 0
 ,  192, ALA,  1.0996,   0.2335,   0.1680, 0
 ,  193, ALA,  2.3261,   0.9171,   0.4862, 0
 ,  194, ALA,  1.9468,   0.7057,   0.4004, 0
 ,  195, ALA,  1.2482,   0.3163,   0.2100, 0
 ,  196, ALA,  1.0965,   0.2317,   0.1672, 1
 ,  197, ALA,  0.5612,  -0.0667,   0.0450, 0
 ,  198, ALA,  1.1434,   0.2578,   0.1803, 1
 ,  199, ALA,  0.4801,  -0.1119,   0.0332, 0
 ,  200, ALA,  0.5701,  -0.0617,   0.0464, 0
 ,  201, ALA,  0.4527,  -0.1271,   0.0297, 0
 ,  202, ALA,  0.4895,  -0.1066,   0.0345, 0
 ,  203, ALA,  0.1000,  -0.3237,   0.0023, 0
 ,  204, ALA,  0.2092,  -0.2629,   0.0074, 0
 ,  205, ALA,  0.9635,   0.1576,   0.1314, 1
 ,  206, ALA,  1.0778,   0.2213,   0.1621, 1
 ,  207, ALA,  0.6311,  -0.0277,   0.0567, 1
 ,  208, ALA,  1.0338,   0.1968,   0.1500, 1
 ,  209, ALA,  1.4211,   0.4127,   0.2600, 1
 ,  210, ALA,  0.4679,  -0.1187,   0.0316, 1
 ,  211, ALA,  0.3980,  -0.1576,   0.0233, 0
 ,  212, ALA,  1.2112,   0.2957,   0.1995, 1
 ,  213, ALA,  1.5096,   0.4620,   0.2854, 1
 ,  214, ALA,  0.7538,   0.0407,   0.0809, 1
